0.223148764
0.498227667
0.863972856
0.999981175
0.870086991
0.508830143
0.012271538
-0.48755016
-0.85772861
-0.999830582
-0.876070094
-0.51935599
-0.024541229
0.47679923
0.851355193
0.999529418
0.881921264
0.529803625
0.036807223
-0.465976496
-0.844853565
-0.999077728
-0.88763962
-0.540171473
-0.049067674
0.455083587
0.838224706
0.998475581
0.893224301
0.550457973
0.061320736
-0.444122145
-0.831469612
-0.997723067
-0.898674466
-0.560661576
-0.073564564
0.433093819S
0.824589303
0.996820299
0.903989293
0.570780746
0.085797312
-0.422000271
-0.817584813
-0.995767414
-0.909167983
-0.580813958
-0.09801714
0.410843171
0.810457198
0.994564571