
0.0
0.05898676
0.216296278
0.418707051
0.594981759
0.676800311
0.619082453
0.41387438
0.093796555
-0.275985894
-0.615046294
-0.849376456
-0.931353272
-0.852363596
-0.644540067
-0.371148731
-0.108386376
0.07622322
0.14269069
0.089330381
-0.047597178
-0.205227208
-0.313139989
-0.314640737
-0.18415465
0.064273889
0.379855735
0.688541637
0.913327169
0.995637495
0.911732665
0.679478155
0.353553391
0.010447438
-0.272515705
-0.438192391
-0.464743376
-0.370618417
-0.208042802
-0.04692062
0.04620496
0.028091856
-0.108083028
-0.330200302
-0.576015329
-0.770822973
-0.848945731
-0.772919722
-0.544895107
-0.206971034
0.169676176
0.503831941
0.726091009
0.797358454
0.718800408
0.530470115
0.299050924
0.098245644
-0.012576737
-0.005382496
0.10872011
0.283081958
0.449475915
0.538414925
0.5
0.319313685
0.021920822
-0.332149632
-0.664290343
-0.898606797
-0.98260799
-0.901453175
-0.681734356
-0.383739641
-0.084407124
0.144185611
0.254694272
0.237119184
0.120608501
-0.036009146
-0.162211674
-0.197111531
-0.107994605
0.099264018
0.380925007
0.667090155
0.881093482
0.961084654
0.877674572
0.642619925
0.306059942
-0.056936677
-0.366726236
-0.560603066
-0.609405559
-0.524550182
-0.353553391
-0.165375411
-0.0298114
0.003157961
-0.081857557
-0.260986544
-0.477872875
-0.659973194
-0.739724883
-0.674535773
-0.459870464
-0.131662645
0.2426875
0.582228574
0.814249645
0.893808033
0.815493157
0.614128911
0.354255389
0.11141247
-0.049432008
-0.092167609
-0.01934699
0.12925542
0.288886877
0.389333151
0.376102273
0.227188982
-0.039411526
-0.369639377
-0.687693015
-0.91671537
-1
-0.91671537
-0.687693015
-0.369639377
-0.039411526
0.227188982
0.376102273
0.389333151
0.288886877
0.12925542
-0.01934699
-0.092167609
-0.049432008
0.11141247
0.354255389
0.614128911
0.815493157
0.893808033
0.814249645
0.582228574
0.2426875
-0.131662645
-0.459870464
-0.674535773
-0.739724883
-0.659973194
-0.477872875
-0.260986544
-0.081857557
0.003157961
-0.0298114
-0.165375411
-0.353553391
-0.524550182
-0.609405559
-0.560603066
-0.366726236
-0.056936677
0.306059942
0.642619925
0.877674572
0.961084654
0.881093482
0.667090155
0.380925007
0.099264018
-0.107994605
-0.197111531
-0.162211674
-0.036009146
0.120608501
0.237119184
0.254694272
0.144185611
-0.084407124
-0.383739641
-0.681734356
-0.901453175
-0.98260799
-0.898606797
-0.664290343
-0.332149632
0.021920822
0.319313685
0.5
0.538414925
0.449475915
0.283081958
0.10872011
-0.005382496
-0.012576737
0.098245644
0.299050924
0.530470115
0.718800408
0.797358454
0.726091009
0.503831941
0.169676176
-0.206971034
-0.544895107
-0.772919722
-0.848945731
-0.770822973
-0.576015329
-0.330200302
-0.108083028
0.028091856
0.04620496
-0.04692062
-0.208042802
-0.370618417
-0.464743376
-0.438192391
-0.272515705
0.010447438
0.353553391
0.679478155
0.911732665
0.995637495
0.913327169
0.688541637
0.379855735
0.064273889
-0.18415465
-0.314640737
-0.313139989
-0.205227208
-0.047597178
0.089330381
0.14269069
0.07622322
-0.108386376
-0.371148731
-0.644540067
-0.852363596
-0.931353272
-0.849376456
-0.615046294
-0.275985894
0.093796555
0.41387438
0.619082453
0.676800311
0.594981759
0.418707051
0.216296278
0.05898676
-1.44075E-29
0.05898676
0.216296278
0.418707051
0.594981759
0.676800311
0.619082453
0.41387438
0.093796555
-0.275985894
-0.615046294
-0.849376456
-0.931353272
-0.852363596
-0.644540067
-0.371148731
-0.108386376
0.07622322
0.14269069
0.089330381
-0.047597178
-0.205227208
-0.313139989
-0.314640737
-0.18415465
0.064273889
0.379855735
0.688541637
0.913327169
0.995637495
0.911732665
0.679478155
0.353553391
0.010447438
-0.272515705
-0.438192391
-0.464743376
-0.370618417
-0.208042802
-0.04692062
0.04620496
0.028091856
-0.108083028
-0.330200302
-0.576015329
-0.770822973
-0.848945731
-0.772919722
-0.544895107
-0.206971034
0.169676176
0.503831941
0.726091009
0.797358454
0.718800408
0.530470115
0.299050924
0.098245644
-0.012576737
-0.005382496
0.10872011
0.283081958
0.449475915
0.538414925
0.5
0.319313685
0.021920822
-0.332149632
-0.664290343
-0.898606797
-0.98260799
-0.901453175
-0.681734356
-0.383739641
-0.084407124
0.144185611
0.254694272
0.237119184
0.120608501
-0.036009146
-0.162211674
-0.197111531
-0.107994605
0.099264018
0.380925007
0.667090155
0.881093482
0.961084654
0.877674572
0.642619925
0.306059942
-0.056936677
-0.366726236
-0.560603066
-0.609405559
-0.524550182
-0.353553391
-0.165375411
-0.0298114
0.003157961
-0.081857557
-0.260986544
-0.477872875
-0.659973194
-0.739724883
-0.674535773
-0.459870464
-0.131662645
0.2426875
0.582228574
0.814249645
0.893808033
0.815493157
0.614128911
0.354255389
0.11141247
-0.049432008
-0.092167609
-0.01934699
0.12925542
0.288886877
0.389333151
0.376102273
0.227188982
-0.039411526
-0.369639377
-0.687693015
-0.91671537
-1
-0.91671537
-0.687693015
-0.369639377
-0.039411526
0.227188982
0.376102273
0.389333151
0.288886877
0.12925542
-0.01934699
-0.092167609
-0.049432008
0.11141247
0.354255389
0.614128911
0.815493157
0.893808033
0.814249645
0.582228574
0.2426875
-0.131662645
-0.459870464
-0.674535773
-0.739724883
-0.659973194
-0.477872875
-0.260986544
-0.081857557
0.003157961
-0.0298114
-0.165375411
-0.353553391
-0.524550182
-0.609405559
-0.560603066
-0.366726236
-0.056936677
0.306059942
0.642619925
0.877674572
0.961084654
0.881093482
0.667090155
0.380925007
0.099264018
-0.107994605
-0.197111531
-0.162211674
-0.036009146
0.120608501
0.237119184
0.254694272
0.144185611
-0.084407124
-0.383739641
-0.681734356
-0.901453175
-0.98260799
-0.898606797
-0.664290343
-0.332149632
0.021920822
0.319313685
0.5
0.538414925
0.449475915
0.283081958
0.10872011
-0.005382496
-0.012576737
0.098245644
0.299050924
0.530470115
0.718800408
0.797358454
0.726091009
0.503831941
0.169676176
-0.206971034
-0.544895107
-0.772919722
-0.848945731
-0.770822973
-0.576015329
-0.330200302
-0.108083028
0.028091856
0.04620496
-0.04692062
-0.208042802
-0.370618417
-0.464743376
-0.438192391
-0.272515705
0.010447438
0.353553391
0.679478155
0.911732665
0.995637495
0.913327169
0.688541637
0.379855735
0.064273889
-0.18415465
-0.314640737
-0.313139989
-0.205227208
-0.047597178
0.089330381
0.14269069
0.07622322
-0.108386376
-0.371148731
-0.644540067
-0.852363596
-0.931353272
-0.849376456
-0.615046294
-0.275985894
0.093796555
0.41387438
0.619082453
0.676800311
0.594981759
0.418707051
0.216296278
0.05898676
