
0.0
0.530175337
1.003222285
1.369706694
1.594494761
1.661338151
1.57479366
1.359213177
1.054957476
0.712382946
0.384467228
0.119132631
-0.047632445
-0.096869858
-0.029238386
0.135276009
0.360479911
0.599469448
0.801710377
0.920679406
0.920963579
0.783791259
0.510191955
0.121321104
-0.344108607
-0.834933707
-1.294464895
-1.668250246
-1.911575318
-1.995634997
-1.911500212
-1.671316202
-1.306562965
-0.863626731
-0.39731381
0.036769455
0.389886549
0.626800919
0.73042694
0.703846529
0.569413877
0.365087867
0.138528557
-0.060186053
-0.186169655
-0.20656419
-0.105615139
0.112749709
0.425215047
0.792211008
1.163441423
1.485020202
1.707196825
1.791565774
1.716726618
1.481581136
1.105790021
0.627316241
0.097397325
-0.4263447
-0.8876816
-1.239344961
-1.449310148
-1.504911709
-1.414213562
-1.204449238
-0.91776553
-0.60488736
-0.317617555
-0.101250236
0.012012814
0.007698715
-0.108910811
-0.313653133
-0.56712987
-0.82059747
-1.023254398
-1.129874882
-1.107688318
-0.941510148
-0.63637929
-0.217313131
0.273796952
0.783717631
1.25505387
1.63406161
1.877985821
1.960883441
1.877105991
1.641949656
1.28938387
0.867185344
0.430173517
0.032512994
-0.279819956
-0.475335019
-0.5411961
-0.484672717
-0.33167675
-0.122604535
0.093909673
0.268423738
0.358226681
0.333896835
0.183929882
-0.083235628
-0.440094607
-0.843736662
-1.241775636
-1.579704827
-1.808629631
-1.892273471
-1.812254893
-1.570878977
-1.191039782
-0.71324188
-0.190159379
0.320498496
0.763805199
1.095011228
1.285469404
1.326255859
1.228981034
1.023686542
0.754139857
0.47121006
0.225281098
0.058795338
0
0.058795338
0.225281098
0.47121006
0.754139857
1.023686542
1.228981034
1.326255859
1.285469404
1.095011228
0.763805199
0.320498496
-0.190159379
-0.71324188
-1.191039782
-1.570878977
-1.812254893
-1.892273471
-1.808629631
-1.579704827
-1.241775636
-0.843736662
-0.440094607
-0.083235628
0.183929882
0.333896835
0.358226681
0.268423738
0.093909673
-0.122604535
-0.33167675
-0.484672717
-0.5411961
-0.475335019
-0.279819956
0.032512994
0.430173517
0.867185344
1.28938387
1.641949656
1.877105991
1.960883441
1.877985821
1.63406161
1.25505387
0.783717631
0.273796952
-0.217313131
-0.63637929
-0.941510148
-1.107688318
-1.129874882
-1.023254398
-0.82059747
-0.56712987
-0.313653133
-0.108910811
0.007698715
0.012012814
-0.101250236
-0.317617555
-0.60488736
-0.91776553
-1.204449238
-1.414213562
-1.504911709
-1.449310148
-1.239344961
-0.8876816
-0.4263447
0.097397325
0.627316241
1.105790021
1.481581136
1.716726618
1.791565774
1.707196825
1.485020202
1.163441423
0.792211008
0.425215047
0.112749709
-0.105615139
-0.20656419
-0.186169655
-0.060186053
0.138528557
0.365087867
0.569413877
0.703846529
0.73042694
0.626800919
0.389886549
0.036769455
-0.39731381
-0.863626731
-1.306562965
-1.671316202
-1.911500212
-1.995634997
-1.911575318
-1.668250246
-1.294464895
-0.834933707
-0.344108607
0.121321104
0.510191955
0.783791259
0.920963579
0.920679406
0.801710377
0.599469448
0.360479911
0.135276009
-0.029238386
-0.096869858
-0.047632445
0.119132631
0.384467228
0.712382946
1.054957476
1.359213177
1.57479366
1.661338151
1.594494761
1.369706694
1.003222285
0.530175337
5.39065E-15
-0.530175337
-1.003222285
-1.369706694
-1.594494761
-1.661338151
-1.57479366
-1.359213177
-1.054957476
-0.712382946
-0.384467228
-0.119132631
0.047632445
0.096869858
0.029238386
-0.135276009
-0.360479911
-0.599469448
-0.801710377
-0.920679406
-0.920963579
-0.783791259
-0.510191955
-0.121321104
0.344108607
0.834933707
1.294464895
1.668250246
1.911575318
1.995634997
1.911500212
1.671316202
1.306562965
0.863626731
0.39731381
-0.036769455
-0.389886549
-0.626800919
-0.73042694
-0.703846529
-0.569413877
-0.365087867
-0.138528557
0.060186053
0.186169655
0.20656419
0.105615139
-0.112749709
-0.425215047
-0.792211008
-1.163441423
-1.485020202
-1.707196825
-1.791565774
-1.716726618
-1.481581136
-1.105790021
-0.627316241
-0.097397325
0.4263447
0.8876816
1.239344961
1.449310148
1.504911709
1.414213562
1.204449238
0.91776553
0.60488736
0.317617555
0.101250236
-0.012012814
-0.007698715
0.108910811
0.313653133
0.56712987
0.82059747
1.023254398
1.129874882
1.107688318
0.941510148
0.63637929
0.217313131
-0.273796952
-0.783717631
-1.25505387
-1.63406161
-1.877985821
-1.960883441
-1.877105991
-1.641949656
-1.28938387
-0.867185344
-0.430173517
-0.032512994
0.279819956
0.475335019
0.5411961
0.484672717
0.33167675
0.122604535
-0.093909673
-0.268423738
-0.358226681
-0.333896835
-0.183929882
0.083235628
0.440094607
0.843736662
1.241775636
1.579704827
1.808629631
1.892273471
1.812254893
1.570878977
1.191039782
0.71324188
0.190159379
-0.320498496
-0.763805199
-1.095011228
-1.285469404
-1.326255859
-1.228981034
-1.023686542
-0.754139857
-0.47121006
-0.225281098
-0.058795338
0
-0.058795338
-0.225281098
-0.47121006
-0.754139857
-1.023686542
-1.228981034
-1.326255859
-1.285469404
-1.095011228
-0.763805199
-0.320498496
0.190159379
0.71324188
1.191039782
1.570878977
1.812254893
1.892273471
1.808629631
1.579704827
1.241775636
0.843736662
0.440094607
0.083235628
-0.183929882
-0.333896835
-0.358226681
-0.268423738
-0.093909673
0.122604535
0.33167675
0.484672717
0.5411961
0.475335019
0.279819956
-0.032512994
-0.430173517
-0.867185344
-1.28938387
-1.641949656
-1.877105991
-1.960883441
-1.877985821
-1.63406161
-1.25505387
-0.783717631
-0.273796952
0.217313131
0.63637929
0.941510148
1.107688318
1.129874882
1.023254398
0.82059747
0.56712987
0.313653133
0.108910811
-0.007698715
-0.012012814
0.101250236
0.317617555
0.60488736
0.91776553
1.204449238
1.414213562
1.504911709
1.449310148
1.239344961
0.8876816
0.4263447
-0.097397325
-0.627316241
-1.105790021
-1.481581136
-1.716726618
-1.791565774
-1.707196825
-1.485020202
-1.163441423
-0.792211008
-0.425215047
-0.112749709
0.105615139
0.20656419
0.186169655
0.060186053
-0.138528557
-0.365087867
-0.569413877
-0.703846529
-0.73042694
-0.626800919
-0.389886549
-0.036769455
0.39731381
0.863626731
1.306562965
1.671316202
1.911500212
1.995634997
1.911575318
1.668250246
1.294464895
0.834933707
0.344108607
-0.121321104
-0.510191955
-0.783791259
-0.920963579
-0.920679406
-0.801710377
-0.599469448
-0.360479911
-0.135276009
0.029238386
0.096869858
0.047632445
-0.119132631
-0.384467228
-0.712382946
-1.054957476
-1.359213177
-1.57479366
-1.661338151
-1.594494761
-1.369706694
-1.003222285
-0.530175337
